%-------------------------------------------------------------------------------
%-------------------------------------------------------------------------------
%-------------------------------------------------------------------------------
1 1 415990.51464537135
3 1 -76096.57434562407
4 1 -70099.26975865988
7 1 77847.44011332824
8 1 40471.90746702217
12 1 -5.571083839621825e-7
558 1 -53745.2100670391
563 1 -110640.16317234127
802 1 144066.82347957723
810 1 78994.19971759678
1182 1 2298.626896439391
1402 1 -21634.1520177108
135992 1 35659.257785211266
2 2 419002.96280085976
4 2 -63890.3473865883
5 2 -79951.35252901904
9 2 40508.91213404149
11 2 100263.26050120105
556 2 -122329.80779156268
557 2 -52279.37235167343
558 2 -49837.24202163965
1017 2 15932.947284703398
1018 2 22462.906147078185
1019 2 147428.20549984722
1402 2 -17099.473285191532
1630 2 28935.27629713112
135200 2 -9678.491523471996
135211 2 -74263.5433448789
3 3 290203.2080923198
4 3 -42084.17530254071
5 3 -42084.175302733296
6 3 -58767.69768824866
7 3 -18682.660408064734
8 3 -21042.087651768863
12 3 63483.40580892395
15 3 63483.405809460244
18 3 40330.81748954347
19 3 -3.9260465534429635e-7
21 3 21042.08765147103
193 3 -118880.98800404278
401 3 14795.269171928607
540 3 20240.733873443172
563 3 -45663.41741484444
810 3 -16648.432532174244
1182 3 104376.14928520298
40985 3 -45601.08855227884
4 4 278477.3112870188
5 4 -42084.17530353951
7 4 -21042.087651468708
8 4 -9036.44107923681
9 4 -4673.861683381623
11 4 -21042.087651431357
12 4 -63483.40580916473
15 4 9.815116383607635e-8
19 4 63483.40580986778
558 4 -84033.40749440479
802 4 -23827.93958987953
1019 4 -22446.991986450812
1402 4 98067.00474105844
5 5 262930.31170470384
6 5 -63849.775425535176
9 5 -21042.087651431357
11 5 -37888.33182142873
12 5 4.907558191815199e-7
15 5 -63483.4058097073
18 5 21042.08765147103
19 5 -63483.40580947348
21 5 43231.98341514023
190 5 -92512.33034869748
486 5 21540.568219811103
533 5 20652.724831837997
557 5 -33481.19409062784
1018 5 5017.712722062298
1630 5 35201.0672344363
40302 5 -11796.403496950032
6 6 434114.12843606446
18 6 -117173.60928135294
21 6 -120331.63475069264
190 6 -109819.60263475767
192 6 -50092.617558492806
193 6 -101723.81103279401
196 6 -64684.84719775549
401 6 56577.44792250569
486 6 59535.460109910826
533 6 3432.413034130541
539 6 35534.378381012124
540 6 -854.4185401820037
545 6 47622.31398730615
16824 6 -670.1178365903963
17028 6 -1962.3825777122004
17031 6 -791.7797370710368
7 7 295292.4812874777
8 7 -42084.175302938995
12 7 63483.405809422715
13 7 -42084.175302619864
16 7 -58767.69768519734
24 7 63483.40580905854
25 7 40330.81748751495
49 7 21042.087651294787
277 7 -121881.0997678286
401 7 13796.493138179447
563 7 -18741.309131495593
743 7 20240.733873266112
810 7 -47082.988973555824
1182 7 112378.55953926813
40985 7 -49554.22272416061
8 8 276837.33359645447
10 8 -70355.36767200343
12 8 -63483.40580957787
13 8 -42084.17530274448
20 8 5197.860270970212
24 8 -9.815116383519162e-8
27 8 63483.40580926376
36 8 -21042.087651419464
558 8 1832.396157801644
801 8 -34047.62121139038
802 8 -94659.5244740558
1401 8 99769.65699029902
1402 8 25953.438758961147
2043 8 -26372.93659035723
135225 8 35796.6364149971
9 9 304203.8626576298
11 9 -42453.490496715676
14 9 -103866.75774040552
17 9 -41028.57713109627
19 9 63852.72100314707
20 9 15546.674227733429
23 9 62080.72383268741
31 9 -20700.717002252106
558 9 -1961.5900662611243
1016 9 -16968.393814651958
1019 9 -120365.97060115964
1400 9 112370.22432228089
1402 9 55754.9760037492
2040 9 -37824.91892325829
135207 9 40976.470083686
10 10 407348.81045978615
13 10 -51383.59722899713
20 10 -58386.58543911299
36 10 94075.97875980526
793 10 -121464.76401968172
800 10 -13024.62286372617
801 10 -70488.04021896407
1401 10 -12716.359322463055
2018 10 -5446.8763550157755
2042 10 92506.88122338241
2043 10 93653.64981329831
2682 10 36312.31449049509
134557 10 -46836.65670317579
135221 10 9003.040839892732
259789 259789 67490324521
