4.440892098500626e-16,1.0
0.25259687804525033,1.1978755083289865
0.30820587593521204,1.2479304632934234
0.3420628741155027,1.2549001347531974
0.38080874885170124,1.2758004834609231
0.4111685743620328,1.28936317863881
0.4405921129800018,1.3044388353202652
0.4642863793562932,1.3089185663734502
0.5037549507073259,1.3337912576980808
0.5450649250813276,1.3571086639085705
0.7317690787505694,1.5292247764569384
0.9335916718659948,1.6758034927472498
1.3107208953690803,2.0753302158060802
1.585588703823508,2.1967147615127507
1.7469349898275264,2.331982279286499
1.7757617249615432,2.341000000626393
1.8071998854238087,2.3445641572389935
1.8503745985960152,2.43501298626353
1.9032629396088696,2.4807923184330973
1.9525382376888791,2.5206910247957017
2.018261436976234,2.5260704192909933
2.2076512729652715,2.7455323093544695
3.058160973796199,11.947877704344364
3.9227599057034963,18.800743956275557
4.7703707383724785,20.72801557366599
5.329234008123148,22.356316678206277
5.626158453004985,22.68459315927398
6.482419700444178,80.4841303339933
7.397321971992837,138.29257194279913
8.325468741439677,165.8711907622778
9.21274095171804,175.5347085002056
9.484141869959164,176.69935574616238
10.312332007579252,218.42816609342157
11.212114279682948,451.16884696055325
12.134900809281474,510.6443224813489
13.069506822899491,530.3275514760484
13.825783109131512,567.6979977366913
14.726509446552276,586.045741067905
15.683891637330767,729.9063030331494
2.39951592,9.864811714809672e-13,411.6536125749213,16.649421197107383
