1.1102230246251565e-16,1.0
0.37797448232460956,1.3151091653004832
0.49559126834678063,1.4418696592272247
0.5836524473264857,1.5032360070502944
0.6988234666398682,1.581531214752149
0.8442724416364297,1.6991399904091822
0.9359959055363811,1.7720479401801938
0.9676537954680424,1.7914116983574555
1.0097689295713035,1.8105849156188467
1.071316779454292,1.8707072141293724
1.1569667750675598,1.9520818667427504
1.4364037666955407,2.1463957353764482
1.7633581255135535,2.4886170303748854
2.100588712195153,2.767303178965966
2.4612914716548313,2.9474531680582383
3.197718969729776,4.30680009482769
4.080028070638196,6.946832227662513
4.960137565317364,8.320719685185031
5.816568990058101,9.171075313345792
6.671950434292154,10.157158790032854
7.585744878511157,14.824445216627232
8.390736684015357,15.53644723885898
9.350370369584118,23.280215585363866
10.335883649994052,38.62950473680887
11.326039589507893,48.12230381150738
12.265165866439746,50.29920920409416
13.152853923018318,52.091008460802655
14.067805381946032,53.79394493374573
15.016831263892588,58.96638893540624
15.701159749392819,60.40021486757023
16.686178443166142,118.82446051250696
17.676139267788383,167.9546011704564
18.65807408757823,172.48114522347208
19.651156864421615,222.50867838753246
20.647134415495255,350.87492383335587
21.641689467522628,405.3441013910652
22.621732518891932,419.5642954818345
23.622125236590776,928.1366420451652
24.623243452909314,1570.9383312634604
25.624138734014775,1618.115110388895
26.62301735696597,1648.7771588226626
27.620415182627426,1700.7354366740758
28.620083595718878,2305.4066296005553
29.619496341444034,2348.977913374216
30.518528329245672,2384.382872728253
31.51401845931229,2821.9080329688713
32.507837166129576,2878.995932418879
33.5028530075322,2923.317609930925
34.501207729075674,2974.4545202389872
35.5002637938211,3412.562505217407
36.498269094670704,3509.8823062942656
37.49337107176665,3558.3705121429975
38.49306283632158,10453.692716910426
39.49329357652693,17946.801922166993
40.4933053927634,18417.24641483867
41.49291345227843,18669.258775746617
42.49100095115344,19587.058743918715
43.48985236766512,22957.9892901917
44.48678176276964,23225.616564998967
4.221360319,4.606874433609523e-12,1503.403156407636,45.48526526991763
