0.0,1.0
0.900641338913089,2.12305440535177
1.2429976193134946,3.9394984551771186
1.7293297139196677,4.696346863516348
2.036799579640856,5.034962238454522
2.335604370278886,5.345320818700593
3.248203811314221,9.453771198728495
4.21704022857483,14.105919107260684
5.2059684626130736,19.84485943185133
5.994557314273737,21.171965707057964
6.983224752753677,32.55989095213514
7.962546321089749,34.88127781019379
8.96018243882396,53.10674979006971
9.942898176549146,70.90217970412482
10.938905456574739,74.32437884614119
11.935299036931465,77.72308542418045
12.936394743008117,179.3515567186326
13.937541367751148,349.5332416627118
14.938461764829654,393.4355221698619
15.936566309191988,405.97828894865137
16.935776858890385,418.1209600509954
17.936475358796997,529.8957779549128
18.934915700016845,544.0197356382021
19.933935359415926,606.5074939655686
20.933977293729697,621.8935706954182
21.93208716654575,784.3164222123246
22.932533275653473,808.0833400898722
23.93293218615712,860.0179401665057
24.933288187833163,877.505226335905
25.93286779038173,894.5608017339042
26.932363689124074,911.2966616144693
27.93262715305063,927.7635154501764
28.932892158788626,1256.2229324927125
29.93312313298325,1278.992586623727
30.932850339467695,1299.8140575592583
31.933028923374426,1320.33117648884
32.93261840886893,1340.5082435054917
33.932792417573935,1503.4625919485425
34.93295622639987,1536.4291695681013
35.93272137245891,1557.9450646020873
36.932537081170786,2157.2851233680863
37.93264129303205,2287.6420496799633
38.93245660365535,2697.838380042874
39.93000373001868,2731.7398328404106
40.926221936065375,2765.1797494773086
41.92618762145029,2798.681739338118
42.92616214192832,2832.1539784087263
43.92618847800984,2865.5240203488434
44.92542716299429,2902.5153419455683
45.92458148752172,2934.2732838310462
46.924041948241026,2965.718949842337
47.92325803455464,2996.8115158330984
48.92274366274536,3027.610217683053
49.922025682737505,3058.078325828061
50.921552840964715,3088.270485068663
51.920903286686645,3118.150960776713
52.92048041400021,3147.773429699501
53.920531587760635,3177.5987088865927
54.920592837518704,3207.0703351299585
55.9206510509766,3236.7919820578045
56.92071747522636,3267.3231319822844
57.920783485509055,3298.1453643234427
58.92085193093317,3330.6869201594745
59.919882209702656,3358.619202497927
60.91956110561123,3386.4178854636457
61.919624789561176,3452.614523333852
62.91968608865024,4879.69610841182
63.91870975985388,4917.972402515854
64.9185818965118,4955.984385295332
65.91831355136075,4993.7018595004665
66.91821902577604,5031.14323165317
67.91796282122955,5068.302063445447
68.91787027358258,5105.196514035309
69.91710618267943,5141.8019978117645
70.91700527576802,5178.172676649715
71.91626704593054,5214.266974234826
72.91616999089533,5250.1359793307765
73.91595973434872,5285.757671162495
74.9158828950545,5321.145657135402
75.91569211312114,5356.295952858573
76.9156191645956,5391.221223703717
77.91492973560011,5425.9005700427615
78.91483555384059,5460.3800636175165
79.91448609721492,5494.634593425525
80.91445217163874,5528.687600346549
81.91425652281923,5562.526773632162
82.91418420300882,5596.165497917839
83.9140236699747,5629.60035004836
84.91396330646782,5662.841149421845
85.91345617250725,5695.873369634624
86.91338982342171,5728.729532240765
87.912908042636,5761.38491034218
88.9128456408872,5793.869791709694
89.91270600818362,5826.171115501204
90.91265328855985,5858.29715053891
91.91034347574245,5890.176468310122
92.90911808678919,5921.918388692228
93.90624839419705,5953.439537189909
94.90570134370314,5984.867158362349
95.90482318551031,6016.120361709902
96.90464347813732,6047.233642157792
97.90385774607026,6078.16907061313
98.90369230709078,6108.966836579061
99.9026933782401,6139.584788030245
100.9025001196812,6170.075218574131
101.901760666595,6200.39928640203
102.90160568560528,6230.593316874081
103.900830453975,6260.623245019049
104.90067733893491,6290.52831501432
105.89987107612009,6320.272603523129
106.89970573632715,6349.896443696658
107.89933745336079,6379.376798519541
108.8992726084657,6408.730414016482
109.8992531484293,6437.951529210786
110.89926465819141,6467.041537190664
111.89927295024144,6496.002485517971
112.89928557889642,6524.837870701196
113.89929981417716,6553.542414412423
114.89931628039727,6582.122274207331
115.89922577868329,6610.580746457721
116.89916071251564,6638.918168544843
117.89901317670393,6667.127176794318
118.8989544615839,6695.219833344287
119.8905353579939,6722.962810068757
120.88778247541167,6750.749288843852
121.88769731291913,6778.49470445453
122.8876407183847,6806.134367319159
123.87628770072057,6833.346713913874
124.871874446215,6860.640241415458
125.87174836920269,6887.941994397294
126.87166968391986,6915.137265457855
127.86040624578656,6941.924746037527
128.85597288293232,6968.792519781209
129.855854179799,6995.672436677382
130.85577749228992,7022.450609239496
131.855603104201,7049.124463806778
132.85548925435992,7075.699375420654
133.839491688181,7101.7565923843185
134.83245488740954,7127.953667685539
135.83240159275638,7154.237366887641
136.83239085214632,7180.425981261431
137.8323618340444,7206.518956100601
138.83233145386313,7232.517768162321
139.83230286626542,7258.423513248014
140.83227296428726,7284.237101461197
141.83221817363471,7309.958907337551
142.83221086854854,7335.5917643908615
143.83215779675496,7361.134189429473
144.8321504528319,7386.589467223715
145.83209540962957,7411.956126239645
146.83208738971726,7437.237449450468
147.83203415593698,7462.432008178397
148.8320264307991,7487.542928294352
149.8184669765593,7512.232423139899
150.81137394815582,7537.001555678821
151.8112743099305,7561.86258597282
152.81116415475051,7586.641909515043
153.8110839106964,7611.341290696371
154.81100791553212,7635.960890028552
155.8025547277952,7660.296755178512
156.7985847580185,7684.664732373539
157.79078978494036,7708.862821945048
158.78715122164647,7733.085766283806
159.78707948519536,7757.3191153639955
160.78701323798205,7781.477154392023
161.78696759017845,7805.560904776534
162.78692227553256,7829.570587374819
163.7820615393992,7853.392393182878
164.78008604043276,7877.229275262793
165.77982043512958,7901.016085014209
166.7794358805447,7924.728692728535
167.7791777807847,7948.373540824039
168.77880342860885,7971.945534026177
169.77876240195573,7995.462997923938
170.77873460555026,8018.912414065787
171.77868662194385,8042.285356074102
172.77865849813807,8065.591037939447
173.77861958244833,8088.836640408085
174.77859200796263,8112.016806108
175.77854963135292,8135.1224910171795
176.77852097901504,8158.163064902451
177.77504532312793,8181.060069265923
178.77343861792258,8203.936290615786
179.77336882273661,8226.783218987826
180.77333540225405,8249.56772378342
181.76419766756138,8272.083419005343
182.7590973784178,8294.62911573654
183.7502728534463,8317.029869437934
184.7453996045753,8339.459150818026
100.910693331,3.6181346638030436e-12,18806.109800000497,185.7454070474465
