2.220446049250313e-16,1.0
0.30906392761402846,1.2487257440346944
0.40105395354784545,1.3385400934925455
0.5576480662937806,1.5040564938598684
0.7936413825795894,1.7729751424810418
0.8932163650168652,1.8999525911488628
1.1516993848039243,2.5113151755219234
1.4890271618028366,3.00798410546739
1.8064352341855017,3.314594896231391
2.2603356986443286,4.045934427686158
2.8851601407157266,6.30053381745129
3.53479138677349,7.157002242722476
4.141679083438507,13.050018461717482
4.762875971097028,22.784193688001608
5.518816122518943,25.720478736761304
6.218496105885151,34.09702712843037
7.0414110591834564,62.953841351839195
7.887677357691814,74.17317267028636
8.608385290451787,81.00398553640538
9.43184007801174,138.05512633243808
10.262732113448461,163.0659670060497
10.938567902393327,168.3359368774059
11.363252996222077,244.53033291619468
11.39449045123129,284.8543953061709
11.665289593685898,291.19312551330086
12.582046129992797,367.0967784990126
13.550716155744203,422.4411467109869
14.513472085562956,437.2549612345851
15.491991064141715,506.6642176566151
16.477425777512398,602.2241141746042
17.459469578867015,620.2508805874966
18.4499130156737,761.8988351723548
19.44172859740268,1056.5648497602413
20.430294982873367,1094.0554744978447
21.41983568421324,1482.9780388890003
22.411895528941283,2209.708264260442
23.397453784747483,2257.9717531287397
23.84518801016887,2279.834604819904
24.206271573854462,3228.335554656751
24.85066230738414,3278.2312830295414
25.842460013323663,3381.2587805796006
26.833408335332365,4823.643161598958
27.826109252939172,4953.4995154567905
28.822075046265713,5052.726451975475
29.815343853284052,5736.655902654907
30.808108295648754,5853.913331482598
31.805418239060113,6225.703769627067
32.80150549305036,8916.892958715644
33.79501605059025,9126.07021531769
4.706187875,3.7580025705285934e-12,1328.4253613136557,34.77969285322971
