0.0,1.0
0.23404649122403529,1.1817922028150478
0.2688786382960311,1.2122374647209353
0.3375515571815558,1.2228467329542143
0.3808250619526712,1.2586311452936312
0.41583847909450083,1.2600350400461027
0.4629798303369523,1.296282598018608
0.5132921641817635,1.3235732073407547
0.5492309709963898,1.3600950878072662
0.7489059779476261,1.5563737349684001
0.9836264756891371,1.7199345480764752
1.3465048009467355,2.101845528234613
1.583807232119664,2.1992731600616233
1.6918108989877518,2.23433504159172
1.9412507695587904,2.388431379181883
2.157167683280416,2.5351424288377746
2.1951992880688134,2.5587991130853203
2.2256608339768533,2.5671350098452583
2.3153452068799223,2.6664779732509563
2.6316807336857857,3.387429421916341
3.210744848288857,5.046601537674765
3.8837284924546807,6.752126689149102
4.209325359127884,8.349150683183366
4.843845736045635,10.262761158170823
5.631631109721649,12.201747086830512
6.235972446712644,13.172887199345608
6.421254670099476,13.374998756100227
6.9168286687077805,14.366400298190824
7.338025334325909,15.397828765389738
1.159787239,5.184683381197702e-13,41.47104038515362,7.761635371309113
